<?xml version="1.0"?>
<opencv_storage>
<cam_extrinsic type_id="opencv-matrix">
  <rows>3</rows>
  <cols>4</cols>
  <dt>f</dt>
  <data>
    9.66232717e-01 -3.83462049e-02 2.54801631e-01 -1.74351974e+02
    -2.74703205e-02 -9.98558700e-01 -4.61073034e-02 1.81920563e+02
    2.56202430e-01 3.75509039e-02 -9.65893507e-01 1.05582458e+03</data></cam_extrinsic>
</opencv_storage>
