<?xml version="1.0"?>
<opencv_storage>
<Distortion type_id="opencv-matrix">
  <rows>5</rows>
  <cols>1</cols>
  <dt>f</dt>
  <data>
    1.40977442e-01 -2.07736548e-02 -3.11801806e-02 -3.74587104e-02
    -4.87406887e-02</data></Distortion>
</opencv_storage>
